1727328158, 755026
1727328158, 762217
1727328158, 765672
1727328158, 769993
1727328158, 771963
1727328158, 777593
1727328158, 779688
1727328158, 784126
1727328158, 786419
1727328158, 791217
1727328158, 793574
1727328158, 798487
1727328158, 800476
1727328158, 805575
1727328158, 807586
1727328158, 811985
1727328158, 814549
1727328158, 819584
1727328158, 821983
1727328158, 826226
1727328235, 90999
1727328235, 99799
1727328235, 102338
1727328235, 107931
1727328235, 110472
1727328235, 115746
1727328235, 118403
1727328235, 123478
1727328235, 125826
1727328235, 132364
1727328235, 134565
1727328235, 139628
1727328235, 142061
1727328235, 147576
1727328235, 153315
1727328235, 158122
1727328235, 160470
1727328235, 165712
1727328235, 168336
1727328235, 174498
