1727319052, 737198
1727319052, 737157
1727319105, 754325
1727319105, 754235
1727319105, 770791
1727319105, 769824
1727319827, 19563
1727319827, 19464
1727319827, 30307
1727319827, 29462
1727319977, 726753
1727319977, 726698
1727319977, 740530
1727319977, 739496
1727320030, 342482
1727320030, 342447
1727320030, 358597
1727320030, 358030
1727320072, 526862
1727320072, 521280
1727320072, 537688
1727320072, 537115
1727320088, 830729
1727320088, 830655
1727320088, 840773
1727320088, 840054
1727320127, 771588
1727320127, 771541
1727320127, 781956
1727320127, 781261
1727320160, 892099
1727320160, 892065
1727320199, 461570
1727320199, 461363
1727320199, 471255
1727320199, 470611
1727320199, 485124
1727320199, 479478
1727320199, 495091
1727320199, 494253
1727320199, 505192
1727320199, 504437
1727320199, 516383
1727320199, 515598
1727320199, 532651
1727320199, 530924
1727320199, 543148
1727320199, 542136
1727320199, 554869
1727320199, 553953
1727320199, 564179
1727320199, 563455
1727320199, 573245
1727320199, 572601
1727320199, 582639
1727320199, 581902
1727320199, 592177
1727320199, 591377
1727320199, 602718
1727320199, 602047
1727320199, 612056
1727320199, 611301
1727320200, 396546
1727320200, 396520
1727320235, 803287
1727320235, 803254
1727320235, 807488
1727320235, 806816
1727320235, 811214
1727320235, 810451
1727320235, 815181
1727320235, 814427
1727320235, 820161
1727320235, 819371
1727320235, 825070
1727320235, 824366
1727320235, 828844
1727320235, 828237
1727320235, 833227
1727320235, 832294
1727320235, 838208
1727320235, 837563
1727320235, 842093
1727320235, 841403
1727320235, 846121
1727320235, 845585
1727320235, 851022
1727320235, 850486
1727320235, 855254
1727320235, 854643
1727320235, 859431
1727320235, 858778
1727320235, 863644
1727320235, 862848
1727320236, 199209
1727320236, 199106
1727320236, 209642
1727320236, 208878
1727320236, 218083
1727320236, 217360
1727320236, 226615
1727320236, 225951
1727320236, 234853
1727320236, 234252
1727320236, 243702
1727320236, 242856
1727320236, 253153
1727320236, 252377
1727320236, 262263
1727320236, 261699
1727320236, 270972
1727320236, 270266
1727320236, 281109
1727320236, 280299
1727320236, 292551
1727320236, 291602
1727320236, 303165
1727320236, 301991
1727320236, 313487
1727320236, 312807
1727320236, 323890
1727320236, 323100
1727320236, 335164
1727320236, 334339
